NAME MPTSPs_50_3
COOMENT 
TYPE MPTSPs
DIMENSION 55
N_PATH 3
EDGE_WEIGHT_TYPE : EXPLICIT
EDGE_DATA_FORMAT : EDGE_LIST
NODE_COORD_SECTION
1 14224.925086554464 14116.820969425467
2 14006.24704576748 13973.143618209946
3 13996.165070271552 14005.36662229562
4 14401.306621772323 14684.03005791808
5 15084.572327422753 14018.97123581942
6 15016.121665124667 14158.223407717307
7 15148.23526042523 14457.113140433488
8 16671.17922080417 14509.931087471527
9 17161.525564237207 14226.281856445803
10 15557.8422491356 16170.145663721527
11 16169.260179834018 16427.823910689647
12 16370.283305872814 17139.66176286668
13 13760.420528750072 15340.466351051298
14 13693.755868139797 17331.028514419286
15 13455.988158951408 16759.723628873813
16 10948.081299779338 15359.568747332367
17 12062.117648954538 15905.468397517354
18 12700.004110902448 15274.12698764557
19 11396.446851194329 15655.00058198274
20 12176.97041759136 13300.000324467659
21 11274.60830844558 13295.503897199374
22 12620.461376597419 13876.166828021536
23 12907.05721459149 11852.06703437913
24 12295.312936407947 10400.735313339945
25 12845.709876179746 12158.068730669751
26 12701.284505094538 12008.096932586577
27 14292.082749998845 12992.425929034343
28 14458.476088463925 12045.015946095404
29 14030.95893594339 12025.247987008397
30 14226.429279963968 12511.767694750859
31 15343.287927172492 12731.475595032887
32 16995.772003476934 11385.942588126683
33 17296.879227581336 12396.689893747902
34 16782.97701271064 11403.256778313438
35 16333.971099418357 12007.007335132337
36 14110.613759062111 20411.751330297426
37 20978.436662704444 14345.276396232019
38 19357.708787883043 18382.10187902545
39 19714.44267126699 19096.538333695895
40 7474.405964227899 11466.894696169227
41 7317.319134247095 16255.66110550843
42 12671.045164587933 21054.975248075734
43 13569.156523781407 19994.44917753391
44 8108.67445994266 15555.729987510338
45 10588.795546094832 19229.087271309618
46 10759.006472320947 6685.906689579187
47 8749.123589381832 10131.348979939823
48 5517.878663452253 11678.672433979109
49 12155.768763673212 5562.628102356113
50 7429.847715868699 8496.519807860437
51 16511.797623435657 5357.611863674313
52 17078.4600016257 8538.540777455131
53 21900.295515471167 10063.5934273931
54 22494.27733368313 12275.454790304902
55 23704.814584386222 11588.242573830352
EDGE_WEIGHT_SECTION
1 1 0
1 2 126
1 3 146
1 4 309
1 5 461
1 6 447
1 7 526
1 8 1236
1 9 1506
1 10 1292
1 11 1635
1 12 2051
1 13 704
1 14 1542
1 15 1736
1 16 1903
1 17 1484
1 18 1017
1 19 1644
1 20 1286
1 21 1749
1 22 880
1 23 1449
1 24 2266
1 25 1497
1 26 1055
1 27 664
1 28 962
1 29 1190
1 30 895
1 31 1062
1 32 2195
1 33 1924
1 34 1953
1 35 1781
1 36 3178
1 37 3610
1 38 3736
1 39 3832
1 40 3863
1 41 3787
1 42 2934
1 43 3443
1 44 3345
1 45 3475
1 46 4383
1 47 3668
1 48 5046
1 49 3915
1 50 4768
1 51 4987
1 52 3444
1 53 4049
1 54 4527
1 55 5118
2 1 126
2 2 0
2 3 17
2 4 429
2 5 591
2 6 464
2 7 607
2 8 1420
2 9 1937
2 10 1365
2 11 2000
2 12 1808
2 13 765
2 14 1827
2 15 1377
2 16 1908
2 17 1178
2 18 809
2 19 1924
2 20 1075
2 21 1403
2 22 738
2 23 1216
2 24 2076
2 25 1038
2 26 1331
2 27 551
2 28 959
2 29 993
2 30 831
2 31 842
2 32 2128
2 33 1792
2 34 2143
2 35 1425
2 36 3606
2 37 4115
2 38 4205
2 39 3999
2 40 4028
2 41 3630
2 42 3785
2 43 2694
2 44 3231
2 45 3204
2 46 4147
2 47 3552
2 48 4493
2 49 4199
2 50 4953
2 51 4402
2 52 3082
2 53 4159
2 54 4417
2 55 5247
3 1 146
3 2 17
3 3 0
3 4 448
3 5 544
3 6 554
3 7 659
3 8 1523
3 9 1773
3 10 1585
3 11 1540
3 12 2144
3 13 659
3 14 1877
3 15 1497
3 16 1684
3 17 1415
3 18 1069
3 19 1942
3 20 1010
3 21 1488
3 22 704
3 23 1331
3 24 2093
3 25 1241
3 26 1318
3 27 524
3 28 1085
3 29 1166
3 30 730
3 31 1122
3 32 1785
3 33 2106
3 34 2500
3 35 1624
3 36 3055
3 37 3476
3 38 4098
3 39 3776
3 40 3593
3 41 3713
3 42 3756
3 43 3133
3 44 3188
3 45 3354
3 46 4452
3 47 2999
3 48 4387
3 49 4099
3 50 4590
3 51 5252
3 52 3262
3 53 4531
3 54 4554
3 55 5348
4 1 309
4 2 429
4 3 448
4 4 0
4 5 569
4 6 399
4 7 398
4 8 1297
4 9 1419
4 10 967
4 11 1228
4 12 1569
4 13 459
4 14 1614
4 15 1316
4 16 2085
4 17 1138
4 18 918
4 19 1569
4 20 1164
4 21 1997
4 22 1006
4 23 1826
4 24 2445
4 25 1792
4 26 1862
4 27 944
4 28 1443
4 29 1672
4 30 1078
4 31 1024
4 32 2111
4 33 2069
4 34 2190
4 35 1904
4 36 3346
4 37 3344
4 38 3513
4 39 3509
4 40 4157
4 41 3920
4 42 3474
4 43 2559
4 44 3353
4 45 3039
4 46 4343
4 47 3797
4 48 4549
4 49 5263
4 50 4911
4 51 5164
4 52 3121
4 53 4474
4 54 4142
4 55 5211
5 1 461
5 2 591
5 3 544
5 4 569
5 5 0
5 6 71
5 7 224
5 8 895
5 9 1403
5 10 1192
5 11 1406
5 12 1698
5 13 993
5 14 1971
5 15 1664
5 16 2495
5 17 2121
5 18 1547
5 19 2018
5 20 1648
5 21 2127
5 22 1200
5 23 1562
5 24 2121
5 25 1321
5 26 1806
5 27 645
5 28 1172
5 29 1188
5 30 939
5 31 727
5 32 1684
5 33 1380
5 34 1526
5 35 1386
5 36 3658
5 37 3179
5 38 3182
5 39 3164
5 40 3960
5 41 4055
5 42 3977
5 43 3372
5 44 4298
5 45 3011
5 46 4431
5 47 4076
5 48 5193
5 49 4942
5 50 4346
5 51 4067
5 52 3056
5 53 3795
5 54 4511
5 55 4612
6 1 447
6 2 464
6 3 554
6 4 399
6 5 71
6 6 0
6 7 166
6 8 950
6 9 1021
6 10 1014
6 11 1570
6 12 1802
6 13 882
6 14 1662
6 15 1586
6 16 2299
6 17 1859
6 18 1346
6 19 2057
6 20 1663
6 21 1947
6 22 1107
6 23 1667
6 24 2043
6 25 1511
6 26 1455
6 27 679
6 28 1202
6 29 1304
6 30 863
6 31 773
6 32 1653
6 33 1583
6 34 1615
6 35 1427
6 36 3344
6 37 2785
6 38 2946
6 39 3498
6 40 4588
6 41 4008
6 42 3925
6 43 3503
6 44 3595
6 45 3202
6 46 4792
6 47 3975
6 48 4214
6 49 4775
6 50 5086
6 51 5152
6 52 3140
6 53 4278
6 54 4567
6 55 5311
7 1 526
7 2 607
7 3 659
7 4 398
7 5 224
7 6 166
7 7 0
7 8 803
7 9 1024
7 10 827
7 11 1198
7 12 1600
7 13 853
7 14 1714
7 15 1516
7 16 2072
7 17 1829
7 18 1415
7 19 1909
7 20 1773
7 21 2025
7 22 1377
7 23 1759
7 24 2120
7 25 1521
7 26 1850
7 27 969
7 28 1569
7 29 1433
7 30 1050
7 31 948
7 32 1862
7 33 1560
7 34 1875
7 35 1401
7 36 3533
7 37 3404
7 38 3009
7 39 3514
7 40 4659
7 41 4385
7 42 3624
7 43 3157
7 44 4036
7 45 3600
7 46 4847
7 47 3995
7 48 5833
7 49 4588
7 50 4993
7 51 5711
7 52 3169
7 53 4369
7 54 3924
7 55 4290
8 1 1236
8 2 1420
8 3 1523
8 4 1297
8 5 895
8 6 950
8 7 803
8 8 0
8 9 316
8 10 1019
8 11 977
8 12 1519
8 13 1677
8 14 2121
8 15 1932
8 16 2826
8 17 2700
8 18 1829
8 19 3009
8 20 2575
8 21 2739
8 22 2220
8 23 2490
8 24 2892
8 25 2285
8 26 2495
8 27 1373
8 28 1864
8 29 1753
8 30 2064
8 31 1144
8 32 1521
8 33 1202
8 34 1344
8 35 1497
8 36 2814
8 37 2153
8 38 2782
8 39 2615
8 40 5698
8 41 4934
8 42 4036
8 43 3753
8 44 5126
8 45 3791
8 46 4575
8 47 5411
8 48 5132
8 49 5629
8 50 5875
8 51 4667
8 52 3247
8 53 3902
8 54 3562
8 55 4325
9 1 1506
9 2 1937
9 3 1773
9 4 1419
9 5 1403
9 6 1021
9 7 1024
9 8 316
9 9 0
9 10 1261
9 11 1264
9 12 1658
9 13 1976
9 14 2598
9 15 2296
9 16 3366
9 17 2872
9 18 2440
9 19 3243
9 20 3091
9 21 3511
9 22 2089
9 23 2946
9 24 3178
9 25 2197
9 26 2388
9 27 1820
9 28 1835
9 29 2010
9 30 1801
9 31 1225
9 32 1642
9 33 958
9 34 1200
9 35 1346
9 36 4144
9 37 2474
9 38 2444
9 39 2994
9 40 5145
9 41 4856
9 42 4602
9 43 3706
9 44 5821
9 45 3981
9 46 5114
9 47 5021
9 48 6686
9 49 4325
9 50 6447
9 51 4622
9 52 3008
9 53 3293
9 54 3180
9 55 3353
10 1 1292
10 2 1365
10 3 1585
10 4 967
10 5 1192
10 6 1014
10 7 827
10 8 1019
10 9 1261
10 10 0
10 11 428
10 12 571
10 13 1145
10 14 1024
10 15 1343
10 16 2502
10 17 1958
10 18 1506
10 19 2330
10 20 2233
10 21 2680
10 22 1972
10 23 2255
10 24 3177
10 25 2582
10 26 2506
10 27 1976
10 28 2294
10 29 2269
10 30 2322
10 31 1919
10 32 2742
10 33 2295
10 34 2790
10 35 2591
10 36 2035
10 37 2970
10 38 2126
10 39 2806
10 40 4606
10 41 4381
10 42 3039
10 43 2404
10 44 4043
10 45 2698
10 46 5784
10 47 4388
10 48 6777
10 49 7146
10 50 6299
10 51 5241
10 52 3560
10 53 4355
10 54 3860
10 55 4712
11 1 1635
11 2 2000
11 3 1540
11 4 1228
11 5 1406
11 6 1570
11 7 1198
11 8 977
11 9 1264
11 10 428
11 11 0
11 12 363
11 13 1764
11 14 1337
11 15 1494
11 16 2706
11 17 2477
11 18 2187
11 19 2354
11 20 2608
11 21 3032
11 22 2447
11 23 2719
11 24 3982
11 25 2914
11 26 2377
11 27 1909
11 28 1966
11 29 2688
11 30 2663
11 31 2056
11 32 2626
11 33 1963
11 34 2410
11 35 2397
11 36 2471
11 37 2822
11 38 2065
11 39 2398
11 40 5687
11 41 4827
11 42 2937
11 43 2585
11 44 4634
11 45 3708
11 46 5479
11 47 4904
11 48 6906
11 49 6526
11 50 5050
11 51 6620
11 52 5221
11 53 4648
11 54 3813
11 55 4603
12 1 2051
12 2 1808
12 3 2144
12 4 1569
12 5 1698
12 6 1802
12 7 1600
12 8 1519
12 9 1658
12 10 571
12 11 363
12 12 0
12 13 1468
12 14 1464
12 15 1449
12 16 2530
12 17 2491
12 18 2254
12 19 2457
12 20 2935
12 21 3269
12 22 2597
12 23 3576
12 24 3410
12 25 2900
12 26 3350
12 27 2284
12 28 2992
12 29 2411
12 30 1910
12 31 2734
12 32 3047
12 33 2426
12 34 3074
12 35 2584
12 36 2223
12 37 3143
12 38 1721
12 39 2145
12 40 5540
12 41 4336
12 42 2783
12 43 2015
12 44 4315
12 45 3921
12 46 6891
12 47 5534
12 48 6685
12 49 7128
12 50 6087
12 51 6173
12 52 4344
12 53 4129
12 54 3768
12 55 4943
13 1 704
13 2 765
13 3 659
13 4 459
13 5 993
13 6 882
13 7 853
13 8 1677
13 9 1976
13 10 1145
13 11 1764
13 12 1468
13 13 0
13 14 1103
13 15 790
13 16 1580
13 17 848
13 18 567
13 19 1217
13 20 1391
13 21 2136
13 22 935
13 23 1655
13 24 2890
13 25 1856
13 26 1910
13 27 1343
13 28 1675
13 29 1607
13 30 1668
13 31 1546
13 32 2764
13 33 2303
13 34 2727
13 35 2018
13 36 2743
13 37 3987
13 38 3341
13 39 3274
13 40 3818
13 41 3295
13 42 3076
13 43 2274
13 44 2970
13 45 2971
13 46 5103
13 47 4057
13 48 4938
13 49 6367
13 50 5212
13 51 5754
13 52 3621
13 53 4612
13 54 5264
13 55 6209
14 1 1542
14 2 1827
14 3 1877
14 4 1614
14 5 1971
14 6 1662
14 7 1714
14 8 2121
14 9 2598
14 10 1024
14 11 1337
14 12 1464
14 13 1103
14 14 0
14 15 382
14 16 1604
14 17 1271
14 18 1215
14 19 1484
14 20 2598
14 21 2276
14 22 2106
14 23 3099
14 24 3936
14 25 2549
14 26 2551
14 27 2193
14 28 2294
14 29 2586
14 30 2596
14 31 2562
14 32 3619
14 33 3321
14 34 3393
14 35 3121
14 36 1465
14 37 4031
14 38 3316
14 39 3051
14 40 4558
14 41 3378
14 42 2116
14 43 1722
14 44 3079
14 45 2013
14 46 6148
14 47 4753
14 48 5077
14 49 5440
14 50 5972
14 51 6506
14 52 5195
14 53 6187
14 54 5739
14 55 5661
15 1 1736
15 2 1377
15 3 1497
15 4 1316
15 5 1664
15 6 1586
15 7 1516
15 8 1932
15 9 2296
15 10 1343
15 11 1494
15 12 1449
15 13 790
15 14 382
15 15 0
15 16 1403
15 17 913
15 18 855
15 19 1020
15 20 1938
15 21 2021
15 22 1583
15 23 2593
15 24 3244
15 25 2111
15 26 2552
15 27 1958
15 28 2708
15 29 2429
15 30 2149
15 31 2119
15 32 3337
15 33 3123
15 34 3203
15 35 3053
15 36 2031
15 37 4247
15 38 3086
15 39 3972
15 40 4213
15 41 3476
15 42 2650
15 43 1588
15 44 2553
15 45 1837
15 46 5068
15 47 4162
15 48 5323
15 49 6216
15 50 5267
15 51 6151
15 52 4003
15 53 5216
15 54 4530
15 55 6342
16 1 1903
16 2 1908
16 3 1684
16 4 2085
16 5 2495
16 6 2299
16 7 2072
16 8 2826
16 9 3366
16 10 2502
16 11 2706
16 12 2530
16 13 1580
16 14 1604
16 15 1403
16 16 0
16 17 587
16 18 889
16 19 268
16 20 1261
16 21 1249
16 22 1267
16 23 2247
16 24 2541
16 25 2030
16 26 1824
16 27 1848
16 28 2490
16 29 2397
16 30 2171
16 31 2475
16 32 3768
16 33 3285
16 34 3464
16 35 3287
16 36 3518
16 37 5949
16 38 4671
16 39 4748
16 40 2771
16 41 2190
16 42 3037
16 43 2700
16 44 1394
16 45 1763
16 46 4566
16 47 3055
16 48 3563
16 49 6081
16 50 4040
16 51 6702
16 52 4654
16 53 6032
16 54 6055
16 55 7005
17 1 1484
17 2 1178
17 3 1415
17 4 1138
17 5 2121
17 6 1859
17 7 1829
17 8 2700
17 9 2872
17 10 1958
17 11 2477
17 12 2491
17 13 848
17 14 1271
17 15 913
17 16 587
17 17 0
17 18 532
17 19 349
17 20 1305
17 21 1362
17 22 1092
17 23 2097
17 24 2574
17 25 2094
17 26 2005
17 27 2203
17 28 2366
17 29 2272
17 30 2232
17 31 2118
17 32 3708
17 33 3325
17 34 3480
17 35 2983
17 36 2797
17 37 5593
17 38 4351
17 39 4146
17 40 3000
17 41 2648
17 42 2465
17 43 2458
17 44 1966
17 45 1910
17 46 4780
17 47 3673
17 48 4597
17 49 4658
17 50 4634
17 51 5612
17 52 4752
17 53 5935
17 54 5970
17 55 7169
18 1 1017
18 2 809
18 3 1069
18 4 918
18 5 1547
18 6 1346
18 7 1415
18 8 1829
18 9 2440
18 10 1506
18 11 2187
18 12 2254
18 13 567
18 14 1215
18 15 855
18 16 889
18 17 532
18 18 0
18 19 715
18 20 1038
18 21 1264
18 22 725
18 23 2144
18 24 2695
18 25 1798
18 26 1466
18 27 1444
18 28 1502
18 29 1895
18 30 1660
18 31 2000
18 32 2778
18 33 3440
18 34 2769
18 35 2371
18 36 2497
18 37 4152
18 38 3531
18 39 4370
18 40 3782
18 41 3065
18 42 2909
18 43 2322
18 44 2227
18 45 2257
18 46 4575
18 47 3620
18 48 4470
18 49 5125
18 50 4902
18 51 5765
18 52 4542
18 53 6122
18 54 6414
18 55 6357
19 1 1644
19 2 1924
19 3 1942
19 4 1569
19 5 2018
19 6 2057
19 7 1909
19 8 3009
19 9 3243
19 10 2330
19 11 2354
19 12 2457
19 13 1217
19 14 1484
19 15 1020
19 16 268
19 17 349
19 18 715
19 19 0
19 20 1305
19 21 1212
19 22 1180
19 23 2066
19 24 2850
19 25 2080
19 26 2554
19 27 1630
19 28 2669
19 29 2516
19 30 2030
19 31 2683
19 32 3957
19 33 3580
19 34 3769
19 35 4002
19 36 2754
19 37 4717
19 38 4436
19 39 5074
19 40 2951
19 41 2635
19 42 2981
19 43 2645
19 44 1844
19 45 1983
19 46 4548
19 47 2952
19 48 4103
19 49 5355
19 50 3672
19 51 5631
19 52 4424
19 53 6306
19 54 6419
19 55 6358
20 1 1286
20 2 1075
20 3 1010
20 4 1164
20 5 1648
20 6 1663
20 7 1773
20 8 2575
20 9 3091
20 10 2233
20 11 2608
20 12 2935
20 13 1391
20 14 2598
20 15 1938
20 16 1261
20 17 1305
20 18 1038
20 19 1305
20 20 0
20 21 541
20 22 348
20 23 905
20 24 1710
20 25 585
20 26 801
20 27 1136
20 28 1385
20 29 1039
20 30 1096
20 31 1517
20 32 3050
20 33 3106
20 34 2818
20 35 2331
20 36 3782
20 37 4977
20 38 4276
20 39 4308
20 40 2357
20 41 2590
20 42 4050
20 43 3458
20 44 2511
20 45 3356
20 46 3717
20 47 2286
20 48 3592
20 49 3947
20 50 3289
20 51 4296
20 52 3610
20 53 5309
20 54 4863
20 55 6090
21 1 1749
21 2 1403
21 3 1488
21 4 1997
21 5 2127
21 6 1947
21 7 2025
21 8 2739
21 9 3511
21 10 2680
21 11 3032
21 12 3269
21 13 2136
21 14 2276
21 15 2021
21 16 1249
21 17 1362
21 18 1264
21 19 1212
21 20 541
21 21 0
21 22 715
21 23 1169
21 24 1705
21 25 1029
21 26 1076
21 27 1559
21 28 1719
21 29 1646
21 30 1346
21 31 2108
21 32 3223
21 33 3179
21 34 3165
21 35 3284
21 36 4248
21 37 5175
21 38 5699
21 39 5591
21 40 2059
21 41 2939
21 42 4055
21 43 3989
21 44 2223
21 45 3319
21 46 3391
21 47 2098
21 48 3507
21 49 4509
21 50 3503
21 51 4232
21 52 3854
21 53 5546
21 54 5681
21 55 6598
22 1 880
22 2 738
22 3 704
22 4 1006
22 5 1200
22 6 1107
22 7 1377
22 8 2220
22 9 2089
22 10 1972
22 11 2447
22 12 2597
22 13 935
22 14 2106
22 15 1583
22 16 1267
22 17 1092
22 18 725
22 19 1180
22 20 348
22 21 715
22 22 0
22 23 1111
22 24 1983
22 25 909
22 26 925
22 27 897
22 28 1454
22 29 1080
22 30 1224
22 31 1515
22 32 2723
22 33 2462
22 34 2575
22 35 2190
22 36 3373
22 37 4807
22 38 4537
22 39 4159
22 40 2615
22 41 3025
22 42 4134
22 43 3376
22 44 2475
22 45 2674
22 46 3714
22 47 2587
22 48 4207
22 49 5190
22 50 3269
22 51 5314
22 52 3771
22 53 5263
22 54 4858
22 55 5380
23 1 1449
23 2 1216
23 3 1331
23 4 1826
23 5 1562
23 6 1667
23 7 1759
23 8 2490
23 9 2946
23 10 2255
23 11 2719
23 12 3576
23 13 1655
23 14 3099
23 15 2593
23 16 2247
23 17 2097
23 18 2144
23 19 2066
23 20 905
23 21 1169
23 22 1111
23 23 0
23 24 885
23 25 173
23 26 147
23 27 1008
23 28 895
23 29 671
23 30 795
23 31 1415
23 32 2210
23 33 2553
23 34 1980
23 35 1673
23 36 5162
23 37 4442
23 38 5052
23 39 5595
23 40 2757
23 41 3924
23 42 5187
23 43 4167
23 44 3067
23 45 4083
23 46 3471
23 47 2513
23 48 4313
23 49 3052
23 50 3971
23 51 3563
23 52 2958
23 53 5687
23 54 4642
23 55 5059
24 1 2266
24 2 2076
24 3 2093
24 4 2445
24 5 2121
24 6 2043
24 7 2120
24 8 2892
24 9 3178
24 10 3177
24 11 3982
24 12 3410
24 13 2890
24 14 3936
24 15 3244
24 16 2541
24 17 2574
24 18 2695
24 19 2850
24 20 1710
24 21 1705
24 22 1983
24 23 885
24 24 0
24 25 931
24 26 915
24 27 1966
24 28 1324
24 29 1260
24 30 1462
24 31 2061
24 32 2427
24 33 2983
24 34 2447
24 35 2333
24 36 4813
24 37 5376
24 38 6174
24 39 6530
24 40 2373
24 41 4167
24 42 5902
24 43 5464
24 44 3658
24 45 4561
24 46 1952
24 47 2122
24 48 3711
24 49 2192
24 50 2439
24 51 4099
24 52 2679
24 53 5673
24 54 5465
24 55 5601
25 1 1497
25 2 1038
25 3 1241
25 4 1792
25 5 1321
25 6 1511
25 7 1521
25 8 2285
25 9 2197
25 10 2582
25 11 2914
25 12 2900
25 13 1856
25 14 2549
25 15 2111
25 16 2030
25 17 2094
25 18 1798
25 19 2080
25 20 585
25 21 1029
25 22 909
25 23 173
25 24 931
25 25 0
25 26 115
25 27 872
25 28 781
25 29 677
25 30 691
25 31 1208
25 32 2152
25 33 2150
25 34 1913
25 35 2032
25 36 4883
25 37 4686
25 38 4922
25 39 4847
25 40 2568
25 41 3495
25 42 5080
25 43 4233
25 44 3299
25 45 4153
25 46 3332
25 47 2406
25 48 3598
25 49 3461
25 50 3503
25 51 3881
25 52 2996
25 53 5226
25 54 5370
25 55 6162
26 1 1055
26 2 1331
26 3 1318
26 4 1862
26 5 1806
26 6 1455
26 7 1850
26 8 2495
26 9 2388
26 10 2506
26 11 2377
26 12 3350
26 13 1910
26 14 2551
26 15 2552
26 16 1824
26 17 2005
26 18 1466
26 19 2554
26 20 801
26 21 1076
26 22 925
26 23 147
26 24 915
26 25 115
26 26 0
26 27 960
26 28 1012
26 29 726
26 30 876
26 31 1626
26 32 2241
26 33 2434
26 34 1879
26 35 1874
26 36 4076
26 37 4493
26 38 4678
26 39 5114
26 40 2935
26 41 3193
26 42 5597
26 43 4333
26 44 3273
26 45 3359
26 46 2852
26 47 2050
26 48 3915
26 49 3210
26 50 3327
26 51 4657
26 52 2963
26 53 5279
26 54 4842
26 55 7021
27 1 664
27 2 551
27 3 524
27 4 944
27 5 645
27 6 679
27 7 969
27 8 1373
27 9 1820
27 10 1976
27 11 1909
27 12 2284
27 13 1343
27 14 2193
27 15 1958
27 16 1848
27 17 2203
27 18 1444
27 19 1630
27 20 1136
27 21 1559
27 22 897
27 23 1008
27 24 1966
27 25 872
27 26 960
27 27 0
27 28 417
27 29 521
27 30 281
27 31 696
27 32 1422
27 33 1709
27 34 1613
27 35 1214
27 36 3584
27 37 3569
27 38 4361
27 39 4031
27 40 4218
27 41 4016
27 42 4309
27 43 3188
27 44 3825
27 45 3665
27 46 3965
27 47 3140
27 48 4167
27 49 4105
27 50 4552
27 51 3612
27 52 2931
27 53 4787
27 54 4339
27 55 5088
28 1 962
28 2 959
28 3 1085
28 4 1443
28 5 1172
28 6 1202
28 7 1569
28 8 1864
28 9 1835
28 10 2294
28 11 1966
28 12 2992
28 13 1675
28 14 2294
28 15 2708
28 16 2490
28 17 2366
28 18 1502
28 19 2669
28 20 1385
28 21 1719
28 22 1454
28 23 895
28 24 1324
28 25 781
28 26 1012
28 27 417
28 28 0
28 29 224
28 30 248
28 31 563
28 32 1585
28 33 1398
28 34 1288
28 35 1034
28 36 4122
28 37 4003
28 38 4224
28 39 3808
28 40 3349
28 41 4400
28 42 5345
28 43 4721
28 44 3380
28 45 4404
28 46 3834
28 47 3208
28 48 4764
28 49 4229
28 50 3734
28 51 4220
28 52 2083
28 53 4240
28 54 3887
28 55 5219
29 1 1190
29 2 993
29 3 1166
29 4 1672
29 5 1188
29 6 1304
29 7 1433
29 8 1753
29 9 2010
29 10 2269
29 11 2688
29 12 2411
29 13 1607
29 14 2586
29 15 2429
29 16 2397
29 17 2272
29 18 1895
29 19 2516
29 20 1039
29 21 1646
29 22 1080
29 23 671
29 24 1260
29 25 677
29 26 726
29 27 521
29 28 224
29 29 0
29 30 249
29 31 796
29 32 1496
29 33 1820
29 34 1500
29 35 1148
29 36 4116
29 37 3617
29 38 3976
29 39 4310
29 40 3356
29 41 3904
29 42 4811
29 43 4321
29 44 3140
29 45 4322
29 46 3425
29 47 2623
29 48 3971
29 49 3542
29 50 3837
29 51 3842
29 52 2076
29 53 3549
29 54 4684
29 55 5085
30 1 895
30 2 831
30 3 730
30 4 1078
30 5 939
30 6 863
30 7 1050
30 8 2064
30 9 1801
30 10 2322
30 11 2663
30 12 1910
30 13 1668
30 14 2596
30 15 2149
30 16 2171
30 17 2232
30 18 1660
30 19 2030
30 20 1096
30 21 1346
30 22 1224
30 23 795
30 24 1462
30 25 691
30 26 876
30 27 281
30 28 248
30 29 249
30 30 0
30 31 640
30 32 1526
30 33 1568
30 34 1314
30 35 1036
30 36 4387
30 37 4052
30 38 3966
30 39 4461
30 40 3639
30 41 3784
30 42 4362
30 43 4219
30 44 3728
30 45 4486
30 46 3610
30 47 3003
30 48 4864
30 49 4267
30 50 4333
30 51 3669
30 52 2472
30 53 3622
30 54 3988
30 55 4593
31 1 1062
31 2 842
31 3 1122
31 4 1024
31 5 727
31 6 773
31 7 948
31 8 1144
31 9 1225
31 10 1919
31 11 2056
31 12 2734
31 13 1546
31 14 2562
31 15 2119
31 16 2475
31 17 2118
31 18 2000
31 19 2683
31 20 1517
31 21 2108
31 22 1515
31 23 1415
31 24 2061
31 25 1208
31 26 1626
31 27 696
31 28 563
31 29 796
31 30 640
31 31 0
31 32 1123
31 33 1237
31 34 953
31 35 655
31 36 4297
31 37 3616
31 38 3564
31 39 4651
31 40 4019
31 41 4640
31 42 4378
31 43 4617
31 44 3857
31 45 4164
31 46 3964
31 47 3605
31 48 4960
31 49 4135
31 50 4525
31 51 4025
31 52 2158
31 53 4005
31 54 4374
31 55 4255
32 1 2195
32 2 2128
32 3 1785
32 4 2111
32 5 1684
32 6 1653
32 7 1862
32 8 1521
32 9 1642
32 10 2742
32 11 2626
32 12 3047
32 13 2764
32 14 3619
32 15 3337
32 16 3768
32 17 3708
32 18 2778
32 19 3957
32 20 3050
32 21 3223
32 22 2723
32 23 2210
32 24 2427
32 25 2152
32 26 2241
32 27 1422
32 28 1585
32 29 1496
32 30 1526
32 31 1123
32 32 0
32 33 554
32 34 114
32 35 496
32 36 4804
32 37 2697
32 38 3995
32 39 4424
32 40 4755
32 41 6494
32 42 5873
32 43 4571
32 44 5298
32 45 5882
32 46 4102
32 47 4328
32 48 6549
32 49 4655
32 50 5169
32 51 2847
32 52 1758
32 53 2711
32 54 3212
32 55 4170
33 1 1924
33 2 1792
33 3 2106
33 4 2069
33 5 1380
33 6 1583
33 7 1560
33 8 1202
33 9 958
33 10 2295
33 11 1963
33 12 2426
33 13 2303
33 14 3321
33 15 3123
33 16 3285
33 17 3325
33 18 3440
33 19 3580
33 20 3106
33 21 3179
33 22 2462
33 23 2553
33 24 2983
33 25 2150
33 26 2434
33 27 1709
33 28 1398
33 29 1820
33 30 1568
33 31 1237
33 32 554
33 33 0
33 34 626
33 35 591
33 36 5141
33 37 2387
33 38 2869
33 39 3385
33 40 5030
33 41 6059
33 42 4208
33 43 4671
33 44 5675
33 45 5584
33 46 4184
33 47 5238
33 48 6080
33 49 4645
33 50 5597
33 51 3817
33 52 1943
33 53 2623
33 54 2666
33 55 3728
34 1 1953
34 2 2143
34 3 2500
34 4 2190
34 5 1526
34 6 1615
34 7 1875
34 8 1344
34 9 1200
34 10 2790
34 11 2410
34 12 3074
34 13 2727
34 14 3393
34 15 3203
34 16 3464
34 17 3480
34 18 2769
34 19 3769
34 20 2818
34 21 3165
34 22 2575
34 23 1980
34 24 2447
34 25 1913
34 26 1879
34 27 1613
34 28 1288
34 29 1500
34 30 1314
34 31 953
34 32 114
34 33 626
34 34 0
34 35 380
34 36 5049
34 37 2860
34 38 3908
34 39 4022
34 40 5317
34 41 5417
34 42 5745
34 43 4900
34 44 4908
34 45 5516
34 46 3876
34 47 3619
34 48 5564
34 49 4461
34 50 5873
34 51 2882
34 52 1680
34 53 2566
34 54 3105
34 55 3739
35 1 1781
35 2 1425
35 3 1624
35 4 1904
35 5 1386
35 6 1427
35 7 1401
35 8 1497
35 9 1346
35 10 2591
35 11 2397
35 12 2584
35 13 2018
35 14 3121
35 15 3053
35 16 3287
35 17 2983
35 18 2371
35 19 4002
35 20 2331
35 21 3284
35 22 2190
35 23 1673
35 24 2333
35 25 2032
35 26 1874
35 27 1214
35 28 1034
35 29 1148
35 30 1036
35 31 655
35 32 496
35 33 591
35 34 380
35 35 0
35 36 5521
35 37 2758
35 38 3680
35 39 4283
35 40 5625
35 41 5029
35 42 5131
35 43 4120
35 44 4383
35 45 4893
35 46 3278
35 47 3741
35 48 6720
35 49 3472
35 50 5202
35 51 3516
35 52 2175
35 53 3502
35 54 3272
35 55 4363
36 1 3178
36 2 3606
36 3 3055
36 4 3346
36 5 3658
36 6 3344
36 7 3533
36 8 2814
36 9 4144
36 10 2035
36 11 2471
36 12 2223
36 13 2743
36 14 1465
36 15 2031
36 16 3518
36 17 2797
36 18 2497
36 19 2754
36 20 3782
36 21 4248
36 22 3373
36 23 5162
36 24 4813
36 25 4883
36 26 4076
36 27 3584
36 28 4122
36 29 4116
36 30 4387
36 31 4297
36 32 4804
36 33 5141
36 34 5049
36 35 5521
36 36 0
36 37 4404
36 38 3085
36 39 2877
36 40 6509
36 41 3632
36 42 973
36 43 347
36 44 4118
36 45 1921
36 46 8359
36 47 6425
36 48 7140
36 49 7052
36 50 7004
36 51 7317
36 52 6722
36 53 6543
36 54 5468
36 55 6631
37 1 3610
37 2 4115
37 3 3476
37 4 3344
37 5 3179
37 6 2785
37 7 3404
37 8 2153
37 9 2474
37 10 2970
37 11 2822
37 12 3143
37 13 3987
37 14 4031
37 15 4247
37 16 5949
37 17 5593
37 18 4152
37 19 4717
37 20 4977
37 21 5175
37 22 4807
37 23 4442
37 24 5376
37 25 4686
37 26 4493
37 27 3569
37 28 4003
37 29 3617
37 30 4052
37 31 3616
37 32 2697
37 33 2387
37 34 2860
37 35 2758
37 36 4404
37 37 0
37 38 2550
37 39 3022
37 40 7304
37 41 8269
37 42 5591
37 43 4284
37 44 7373
37 45 6418
37 46 5574
37 47 6490
37 48 7992
37 49 6986
37 50 6492
37 51 5127
37 52 3672
37 53 2259
37 54 1270
37 55 2099
38 1 3736
38 2 4205
38 3 4098
38 4 3513
38 5 3182
38 6 2946
38 7 3009
38 8 2782
38 9 2444
38 10 2126
38 11 2065
38 12 1721
38 13 3341
38 14 3316
38 15 3086
38 16 4671
38 17 4351
38 18 3531
38 19 4436
38 20 4276
38 21 5699
38 22 4537
38 23 5052
38 24 6174
38 25 4922
38 26 4678
38 27 4361
38 28 4224
38 29 3976
38 30 3966
38 31 3564
38 32 3995
38 33 2869
38 34 3908
38 35 3680
38 36 3085
38 37 2550
38 38 0
38 39 458
38 40 6818
38 41 6608
38 42 3619
38 43 2813
38 44 6092
38 45 5162
38 46 7447
38 47 6339
38 48 8910
38 49 6914
38 50 6511
38 51 6611
38 52 5464
38 53 4141
38 54 3498
38 55 3497
39 1 3832
39 2 3999
39 3 3776
39 4 3509
39 5 3164
39 6 3498
39 7 3514
39 8 2615
39 9 2994
39 10 2806
39 11 2398
39 12 2145
39 13 3274
39 14 3051
39 15 3972
39 16 4748
39 17 4146
39 18 4370
39 19 5074
39 20 4308
39 21 5591
39 22 4159
39 23 5595
39 24 6530
39 25 4847
39 26 5114
39 27 4031
39 28 3808
39 29 4310
39 30 4461
39 31 4651
39 32 4424
39 33 3385
39 34 4022
39 35 4283
39 36 2877
39 37 3022
39 38 458
39 39 0
39 40 7054
39 41 5768
39 42 3432
39 43 3059
39 44 6854
39 45 5522
39 46 7946
39 47 7355
39 48 6973
39 49 7593
39 50 9064
39 51 6385
39 52 5447
39 53 4541
39 54 3866
39 55 4664
40 1 3863
40 2 4028
40 3 3593
40 4 4157
40 5 3960
40 6 4588
40 7 4659
40 8 5698
40 9 5145
40 10 4606
40 11 5687
40 12 5540
40 13 3818
40 14 4558
40 15 4213
40 16 2771
40 17 3000
40 18 3782
40 19 2951
40 20 2357
40 21 2059
40 22 2615
40 23 2757
40 24 2373
40 25 2568
40 26 2935
40 27 4218
40 28 3349
40 29 3356
40 30 3639
40 31 4019
40 32 4755
40 33 5030
40 34 5317
40 35 5625
40 36 6509
40 37 7304
40 38 6818
40 39 7054
40 40 0
40 41 2713
40 42 6014
40 43 6079
40 44 2217
40 45 4706
40 46 2971
40 47 853
40 48 993
40 49 4370
40 50 1528
40 51 5034
40 52 5246
40 53 7489
40 54 8234
40 55 7031
41 1 3787
41 2 3630
41 3 3713
41 4 3920
41 5 4055
41 6 4008
41 7 4385
41 8 4934
41 9 4856
41 10 4381
41 11 4827
41 12 4336
41 13 3295
41 14 3378
41 15 3476
41 16 2190
41 17 2648
41 18 3065
41 19 2635
41 20 2590
41 21 2939
41 22 3025
41 23 3924
41 24 4167
41 25 3495
41 26 3193
41 27 4016
41 28 4400
41 29 3904
41 30 3784
41 31 4640
41 32 6494
41 33 6059
41 34 5417
41 35 5029
41 36 3632
41 37 8269
41 38 6608
41 39 5768
41 40 2713
41 41 0
41 42 3514
41 43 3450
41 44 570
41 45 2344
41 46 5399
41 47 3347
41 48 2593
41 49 5119
41 50 4407
41 51 7967
41 52 5841
41 53 8375
41 54 9142
41 55 9653
42 1 2934
42 2 3785
42 3 3756
42 4 3474
42 5 3977
42 6 3925
42 7 3624
42 8 4036
42 9 4602
42 10 3039
42 11 2937
42 12 2783
42 13 3076
42 14 2116
42 15 2650
42 16 3037
42 17 2465
42 18 2909
42 19 2981
42 20 4050
42 21 4055
42 22 4134
42 23 5187
42 24 5902
42 25 5080
42 26 5597
42 27 4309
42 28 5345
42 29 4811
42 30 4362
42 31 4378
42 32 5873
42 33 4208
42 34 5745
42 35 5131
42 36 973
42 37 5591
42 38 3619
42 39 3432
42 40 6014
42 41 3514
42 42 0
42 43 764
42 44 3372
42 45 1408
42 46 7175
42 47 5904
42 48 6271
42 49 7844
42 50 7293
42 51 8573
42 52 8279
42 53 7180
42 54 6868
42 55 6471
43 1 3443
43 2 2694
43 3 3133
43 4 2559
43 5 3372
43 6 3503
43 7 3157
43 8 3753
43 9 3706
43 10 2404
43 11 2585
43 12 2015
43 13 2274
43 14 1722
43 15 1588
43 16 2700
43 17 2458
43 18 2322
43 19 2645
43 20 3458
43 21 3989
43 22 3376
43 23 4167
43 24 5464
43 25 4233
43 26 4333
43 27 3188
43 28 4721
43 29 4321
43 30 4219
43 31 4617
43 32 4571
43 33 4671
43 34 4900
43 35 4120
43 36 347
43 37 4284
43 38 2813
43 39 3059
43 40 6079
43 41 3450
43 42 764
43 43 0
43 44 3701
43 45 1518
43 46 7609
43 47 5182
43 48 5511
43 49 7430
43 50 7474
43 51 7837
43 52 5843
43 53 5940
43 54 6463
43 55 7234
44 1 3345
44 2 3231
44 3 3188
44 4 3353
44 5 4298
44 6 3595
44 7 4036
44 8 5126
44 9 5821
44 10 4043
44 11 4634
44 12 4315
44 13 2970
44 14 3079
44 15 2553
44 16 1394
44 17 1966
44 18 2227
44 19 1844
44 20 2511
44 21 2223
44 22 2475
44 23 3067
44 24 3658
44 25 3299
44 26 3273
44 27 3825
44 28 3380
44 29 3140
44 30 3728
44 31 3857
44 32 5298
44 33 5675
44 34 4908
44 35 4383
44 36 4118
44 37 7373
44 38 6092
44 39 6854
44 40 2217
44 41 570
44 42 3372
44 43 3701
44 44 0
44 45 2316
44 46 4480
44 47 2929
44 48 2814
44 49 5844
44 50 3852
44 51 6652
44 52 6060
44 53 6988
44 54 8572
44 55 8282
45 1 3475
45 2 3204
45 3 3354
45 4 3039
45 5 3011
45 6 3202
45 7 3600
45 8 3791
45 9 3981
45 10 2698
45 11 3708
45 12 3921
45 13 2971
45 14 2013
45 15 1837
45 16 1763
45 17 1910
45 18 2257
45 19 1983
45 20 3356
45 21 3319
45 22 2674
45 23 4083
45 24 4561
45 25 4153
45 26 3359
45 27 3665
45 28 4404
45 29 4322
45 30 4486
45 31 4164
45 32 5882
45 33 5584
45 34 5516
45 35 4893
45 36 1921
45 37 6418
45 38 5162
45 39 5522
45 40 4706
45 41 2344
45 42 1408
45 43 1518
45 44 2316
45 45 0
45 46 7412
45 47 5418
45 48 4809
45 49 6531
45 50 5387
45 51 7885
45 52 7091
45 53 7350
45 54 8468
45 55 8337
46 1 4383
46 2 4147
46 3 4452
46 4 4343
46 5 4431
46 6 4792
46 7 4847
46 8 4575
46 9 5114
46 10 5784
46 11 5479
46 12 6891
46 13 5103
46 14 6148
46 15 5068
46 16 4566
46 17 4780
46 18 4575
46 19 4548
46 20 3717
46 21 3391
46 22 3714
46 23 3471
46 24 1952
46 25 3332
46 26 2852
46 27 3965
46 28 3834
46 29 3425
46 30 3610
46 31 3964
46 32 4102
46 33 4184
46 34 3876
46 35 3278
46 36 8359
46 37 5574
46 38 7447
46 39 7946
46 40 2971
46 41 5399
46 42 7175
46 43 7609
46 44 4480
46 45 7412
46 46 0
46 47 2023
46 48 4084
46 49 889
46 50 2333
46 51 2995
46 52 3615
46 53 6364
46 54 7092
46 55 7691
47 1 3668
47 2 3552
47 3 2999
47 4 3797
47 5 4076
47 6 3975
47 7 3995
47 8 5411
47 9 5021
47 10 4388
47 11 4904
47 12 5534
47 13 4057
47 14 4753
47 15 4162
47 16 3055
47 17 3673
47 18 3620
47 19 2952
47 20 2286
47 21 2098
47 22 2587
47 23 2513
47 24 2122
47 25 2406
47 26 2050
47 27 3140
47 28 3208
47 29 2623
47 30 3003
47 31 3605
47 32 4328
47 33 5238
47 34 3619
47 35 3741
47 36 6425
47 37 6490
47 38 6339
47 39 7355
47 40 853
47 41 3347
47 42 5904
47 43 5182
47 44 2929
47 45 5418
47 46 2023
47 47 0
47 48 1732
47 49 2869
47 50 1130
47 51 5063
47 52 5032
47 53 7168
47 54 7297
47 55 8891
48 1 5046
48 2 4493
48 3 4387
48 4 4549
48 5 5193
48 6 4214
48 7 5833
48 8 5132
48 9 6686
48 10 6777
48 11 6906
48 12 6685
48 13 4938
48 14 5077
48 15 5323
48 16 3563
48 17 4597
48 18 4470
48 19 4103
48 20 3592
48 21 3507
48 22 4207
48 23 4313
48 24 3711
48 25 3598
48 26 3915
48 27 4167
48 28 4764
48 29 3971
48 30 4864
48 31 4960
48 32 6549
48 33 6080
48 34 5564
48 35 6720
48 36 7140
48 37 7992
48 38 8910
48 39 6973
48 40 993
48 41 2593
48 42 6271
48 43 5511
48 44 2814
48 45 4809
48 46 4084
48 47 1732
48 48 0
48 49 4497
48 50 1753
48 51 6655
48 52 6040
48 53 9761
48 54 9031
48 55 9382
49 1 3915
49 2 4199
49 3 4099
49 4 5263
49 5 4942
49 6 4775
49 7 4588
49 8 5629
49 9 4325
49 10 7146
49 11 6526
49 12 7128
49 13 6367
49 14 5440
49 15 6216
49 16 6081
49 17 4658
49 18 5125
49 19 5355
49 20 3947
49 21 4509
49 22 5190
49 23 3052
49 24 2192
49 25 3461
49 26 3210
49 27 4105
49 28 4229
49 29 3542
49 30 4267
49 31 4135
49 32 4655
49 33 4645
49 34 4461
49 35 3472
49 36 7052
49 37 6986
49 38 6914
49 39 7593
49 40 4370
49 41 5119
49 42 7844
49 43 7430
49 44 5844
49 45 6531
49 46 889
49 47 2869
49 48 4497
49 49 0
49 50 2850
49 51 2458
49 52 2704
49 53 5708
49 54 5751
49 55 7657
50 1 4768
50 2 4953
50 3 4590
50 4 4911
50 5 4346
50 6 5086
50 7 4993
50 8 5875
50 9 6447
50 10 6299
50 11 5050
50 12 6087
50 13 5212
50 14 5972
50 15 5267
50 16 4040
50 17 4634
50 18 4902
50 19 3672
50 20 3289
50 21 3503
50 22 3269
50 23 3971
50 24 2439
50 25 3503
50 26 3327
50 27 4552
50 28 3734
50 29 3837
50 30 4333
50 31 4525
50 32 5169
50 33 5597
50 34 5873
50 35 5202
50 36 7004
50 37 6492
50 38 6511
50 39 9064
50 40 1528
50 41 4407
50 42 7293
50 43 7474
50 44 3852
50 45 5387
50 46 2333
50 47 1130
50 48 1753
50 49 2850
50 50 0
50 51 4676
50 52 5356
50 53 6236
50 54 7173
50 55 8257
51 1 4987
51 2 4402
51 3 5252
51 4 5164
51 5 4067
51 6 5152
51 7 5711
51 8 4667
51 9 4622
51 10 5241
51 11 6620
51 12 6173
51 13 5754
51 14 6506
51 15 6151
51 16 6702
51 17 5612
51 18 5765
51 19 5631
51 20 4296
51 21 4232
51 22 5314
51 23 3563
51 24 4099
51 25 3881
51 26 4657
51 27 3612
51 28 4220
51 29 3842
51 30 3669
51 31 4025
51 32 2847
51 33 3817
51 34 2882
51 35 3516
51 36 7317
51 37 5127
51 38 6611
51 39 6385
51 40 5034
51 41 7967
51 42 8573
51 43 7837
51 44 6652
51 45 7885
51 46 2995
51 47 5063
51 48 6655
51 49 2458
51 50 4676
51 51 0
51 52 1933
51 53 3769
51 54 5275
51 55 4989
52 1 3444
52 2 3082
52 3 3262
52 4 3121
52 5 3056
52 6 3140
52 7 3169
52 8 3247
52 9 3008
52 10 3560
52 11 5221
52 12 4344
52 13 3621
52 14 5195
52 15 4003
52 16 4654
52 17 4752
52 18 4542
52 19 4424
52 20 3610
52 21 3854
52 22 3771
52 23 2958
52 24 2679
52 25 2996
52 26 2963
52 27 2931
52 28 2083
52 29 2076
52 30 2472
52 31 2158
52 32 1758
52 33 1943
52 34 1680
52 35 2175
52 36 6722
52 37 3672
52 38 5464
52 39 5447
52 40 5246
52 41 5841
52 42 8279
52 43 5843
52 44 6060
52 45 7091
52 46 3615
52 47 5032
52 48 6040
52 49 2704
52 50 5356
52 51 1933
52 52 0
52 53 2938
52 54 4058
52 55 3834
53 1 4049
53 2 4159
53 3 4531
53 4 4474
53 5 3795
53 6 4278
53 7 4369
53 8 3902
53 9 3293
53 10 4355
53 11 4648
53 12 4129
53 13 4612
53 14 6187
53 15 5216
53 16 6032
53 17 5935
53 18 6122
53 19 6306
53 20 5309
53 21 5546
53 22 5263
53 23 5687
53 24 5673
53 25 5226
53 26 5279
53 27 4787
53 28 4240
53 29 3549
53 30 3622
53 31 4005
53 32 2711
53 33 2623
53 34 2566
53 35 3502
53 36 6543
53 37 2259
53 38 4141
53 39 4541
53 40 7489
53 41 8375
53 42 7180
53 43 5940
53 44 6988
53 45 7350
53 46 6364
53 47 7168
53 48 9761
53 49 5708
53 50 6236
53 51 3769
53 52 2938
53 53 0
53 54 1235
53 55 1279
54 1 4527
54 2 4417
54 3 4554
54 4 4142
54 5 4511
54 6 4567
54 7 3924
54 8 3562
54 9 3180
54 10 3860
54 11 3813
54 12 3768
54 13 5264
54 14 5739
54 15 4530
54 16 6055
54 17 5970
54 18 6414
54 19 6419
54 20 4863
54 21 5681
54 22 4858
54 23 4642
54 24 5465
54 25 5370
54 26 4842
54 27 4339
54 28 3887
54 29 4684
54 30 3988
54 31 4374
54 32 3212
54 33 2666
54 34 3105
54 35 3272
54 36 5468
54 37 1270
54 38 3498
54 39 3866
54 40 8234
54 41 9142
54 42 6868
54 43 6463
54 44 8572
54 45 8468
54 46 7092
54 47 7297
54 48 9031
54 49 5751
54 50 7173
54 51 5275
54 52 4058
54 53 1235
54 54 0
54 55 703
55 1 5118
55 2 5247
55 3 5348
55 4 5211
55 5 4612
55 6 5311
55 7 4290
55 8 4325
55 9 3353
55 10 4712
55 11 4603
55 12 4943
55 13 6209
55 14 5661
55 15 6342
55 16 7005
55 17 7169
55 18 6357
55 19 6358
55 20 6090
55 21 6598
55 22 5380
55 23 5059
55 24 5601
55 25 6162
55 26 7021
55 27 5088
55 28 5219
55 29 5085
55 30 4593
55 31 4255
55 32 4170
55 33 3728
55 34 3739
55 35 4363
55 36 6631
55 37 2099
55 38 3497
55 39 4664
55 40 7031
55 41 9653
55 42 6471
55 43 7234
55 44 8282
55 45 8337
55 46 7691
55 47 8891
55 48 9382
55 49 7657
55 50 8257
55 51 4989
55 52 3834
55 53 1279
55 54 703
55 55 0
EOF
